15 74
1 3 105
14 48 38 36 34 32 30 29 29 25 25 21 20 17 11
15 57 44 43 43 38 34 32 32 31 26 21 20 20 18 16
12 47 46 44 39 35 33 30 29 27 22 14 14
14 47 47 43 41 34 34 29 29 28 25 25 24 16 16
12 46 43 42 40 35 34 27 23 21 20 19 14
11 49 46 46 44 42 36 29 28 24 21 16
12 45 36 35 29 29 28 26 24 23 21 18 12
12 69 40 39 36 35 31 30 26 18 15 12 11
12 46 46 42 38 35 31 22 22 22 21 14 11
14 55 44 43 43 42 39 37 37 36 35 30 28 20 11
15 47 38 38 37 36 36 32 31 25 24 20 20 19 16 15
14 58 57 53 48 43 40 32 23 21 21 19 15 14 13
12 50 38 38 37 31 29 28 24 23 14 11 11
15 55 48 47 41 36 34 27 24 24 24 23 20 20 16 11
14 55 46 35 35 34 31 28 27 25 25 23 21 19 14
