20 102
1 3 105
14 49 47 45 37 33 33 33 32 31 26 25 25 17 11
15 66 64 44 43 40 35 33 32 30 28 28 28 22 18 14
12 49 45 37 32 32 30 29 26 23 21 21 17
13 65 59 49 48 45 44 44 34 31 27 26 21 20
11 39 37 34 32 30 28 28 27 25 15 11
13 48 42 41 35 35 33 26 24 22 20 19 15 14
13 59 51 41 32 31 30 28 26 23 23 20 18 14
10 43 42 35 31 29 27 26 23 20 17
11 38 37 37 36 34 32 29 28 22 20 16
17 67 52 43 42 41 33 30 27 27 25 25 24 17 16 15 14 11
11 50 40 36 35 34 27 26 26 26 24 21
13 49 48 48 44 42 40 39 38 37 34 33 27 25
14 56 43 41 35 35 31 28 27 27 27 26 26 24 10
15 55 54 48 48 44 35 32 30 29 29 28 25 23 23 18
12 58 42 39 36 36 34 32 31 28 20 20 11
10 45 43 43 38 37 35 32 28 28 25
14 59 57 50 45 44 38 34 34 30 27 24 23 23 11
11 56 51 42 39 39 35 32 29 21 20 13
16 49 46 38 38 37 36 35 35 34 33 33 32 32 29 28 23
13 52 45 39 37 35 35 32 32 28 20 20 19 10
